x = [
0,
2,
3,
4,
5,
6,
7,
8,
9,
10,
11,
12,
13,
14,
15,
16,
17,
18,
19,
20,
21,
22,
23,
24,
25,
26,
27,
28,
29,
30,
31,
32,
33,
34,
35,
36,
37,
38,
39,
40,
41,
42,
43,
44,
45,
46,
47,
48,
49,
50,
51,
52,
53,
54,
55,
56,
57,
58,
59,
60,
61,
62,
63,
64,
65,
66,
67,
68,
69,
70,
71,
72,
73,
74,
75,
76,
77,
78,
79,
80,
81,
82,
83,
84,
85,
86,
87,
88,
89,
90,
91,
92,
93,
94,
95,
96,
97,
98,
99,
100,
101,
102,
103,
104,
105,
106,
107,
108,
109,
110,
111,
112,
113,
114,
115,
116,
117,
118,
119,
120,
121,
122,
123,
124,
125,
126,
127,
128,
129,
130,
131,
132,
133,
134,
135,
136,
137,
138,
139,
140,
141,
142,
143,
144,
145,
146,
147,
148,
149,
150,
151,
152,
153,
154,
155,
156,
157,
158,
159,
160,
161,
162,
163,
164,
165,
166,
167,
168,
169,
170,
171,
172,
173,
174,
175,
176,
177,
178,
179,
180,
181,
182,
183,
184,
185,
186,
187,
188,
189,
190,
191,
192,
193,
194,
195,
196,
197,
198,
199,
200,
201,
202,
203,
204,
205,
206,
207,
208,
209,
210,
211,
212,
213,
214,
215,
216,
217,
218,
219,
220,
221,
222,
223,
224,
225,
226,
227,
228,
229,
230,
231,
232,
233,
234,
235,
236,
237,
238,
239,
240,
241,
242,
243,
244,
245,
246,
247,
248,
249,
250,
251,
252,
253,
254,
255,
256,
257,
258,
259,
260,
261,
262,
263,
264,
265,
266,
267,
268,
269,
270,
271,
272,
273,
274,
275,
276,
277,
278,
279,
280,
281,
282,
283,
284,
285,
286,
287,
288,
289,
290,
291,
292,
293,
294,
295,
296,
297,
298,
299,
300,
301,
302,
303,
304,
305,
306,
307,
308,
309,
310,
311,
312,
313,
314,
315,
316,
317,
318,
319,
320,
321,
322,
323,
324,
325,
326,
327,
328,
329,
330,
331,
332,
333,
334,
335,
336,
337,
338,
339,
340,
341,
342,
343,
344,
345,
346,
347,
348,
349,
350,
351,
352,
353,
354,
355,
356,
357,
358,
359,
360,
361,
362,
363,
364,
365,
366,
367,
368,
369,
370,
371,
372,
373,
374,
375,
376,
377,
378,
379,
380,
381,
382,
383,
384,
385,
386,
387,
388,
389,
390,
391,
392,
393,
394,
395,
396,
397,
398,
399,
400,
401,
402,
403,
404,
405,
406,
407,
408,
409,
410,
411,
412,
413,
414,
415,
416,
417,
418,
419,
420,
421,
422,
423,
424,
425,
426,
427,
428,
429,
430,
431,
432,
433,
434,
435,
436,
437,
438,
439,
440,
441,
442,
443,
444,
445,
446,
447,
448,
449,
450,
451,
452,
453,
454,
455,
456,
457,
458,
459,
460,
461,
462,
463,
464,
465,
466,
467,
468,
469,
470,
471,
472,
473,
474,
475,
476,
477,
478,
479,
480,
481,
482,
483,
484,
485,
486,
487,
488,
489,
490,
491,
492,
493,
494,
495,
496,
497,
498,
499,
500,
501,
502,
503,
504,
505,
506,
507,
508,
509,
510,
511,
512,
513,
514,
515,
516,
517,
518,
519,
520,
521,
522,
523,
524,
525,
526,
527,
528,
529,
530,
531,
532,
533,
534,
535,
536,
537,
538,
539,
540,
541,
542,
543,
544,
545,
546,
547,
548,
549,
550,
551,
552,
553,
554,
555,
556,
557,
558,
559,
560,
561,
562,
563,
564,
565,
566,
567,
568,
569,
570,
571,
572,
573,
574,
575,
576,
577,
578,
579,
580,
581,
582,
583,
584,
585,
586,
587,
588,
589,
590,
591,
592,
593,
594,
595,
596,
597,
598,
599,
600,
601,
602,
603,
604,
605,
606,
607,
608,
609,
610,
611,
612,
613,
614,
615,
616,
617,
618,
619,
620,
621,
622,
623,
624,
625,
626,
627,
628,
629,
630,
631,
632,
633,
634,
635,
636,
637,
638,
639,
640,
641,
642,
643,
644,
645,
646,
647,
648,
649,
650,
651,
652,
653,
654,
655,
656,
657,
658,
659,
660,
661,
662,
663,
664,
665,
666,
667,
668,
669,
670,
671,
672,
673,
674,
675,
676,
677,
678,
679,
680,
681,
682,
683,
684,
685,
686,
687,
688,
689,
690,
691,
692,
693,
694,
695,
696,
697,
698,
699,
700,
701,
702,
703,
704,
705,
706,
707,
708,
709,
710,
711,
712,
713,
714,
715,
716,
717,
718,
719,
720,
721,
722,
723,
724,
725,
726,
727,
728,
729,
730,
731,
732,
733,
734,
735,
736,
737,
738,
739,
740,
741,
742,
743,
744,
745,
746,
747,
748,
749,
750,
751,
752,
753,
754,
755,
756,
757,
758,
759,
760,
761,
762,
763,
764,
765,
766,
767,
768,
769,
770,
771,
772,
773,
774,
775,
776,
777,
778,
780,
];
y = [
1.0471e-08,
3.14448e-08,
2.09738e-08,
7.34562e-08,
1.5754e-07,
1.36724e-07,
1.78932e-07,
1.47925e-07,
1.37484e-07,
1.27424e-07,
8.50054e-08,
5.31809e-08,
2.03355e-07,
1.29029e-07,
1.40453e-07,
1.73936e-07,
1.41202e-07,
1.21215e-07,
1.54168e-07,
1.10596e-07,
1.54896e-07,
8.9228e-08,
1.89474e-07,
9.0611e-08,
1.9372e-07,
1.27354e-07,
5.76039e-08,
1.39795e-07,
1.64862e-07,
2.01872e-07,
9.64482e-08,
1.45002e-07,
1.57444e-07,
1.3355e-07,
2.36642e-07,
1.50486e-07,
1.39531e-07,
1.78437e-07,
9.19028e-08,
2.06492e-07,
1.85437e-07,
2.12995e-07,
2.02803e-07,
1.92131e-07,
2.21019e-07,
2.11406e-07,
1.53731e-07,
1.87845e-07,
1.7357e-07,
2.03887e-07,
1.7864e-07,
1.66902e-07,
2.44234e-07,
2.4709e-07,
1.71643e-07,
2.88272e-07,
1.61461e-07,
1.97467e-07,
2.1852e-07,
2.54377e-07,
1.90325e-07,
1.7519e-07,
1.60992e-07,
2.32861e-07,
2.73584e-07,
3.70368e-07,
2.2432e-07,
2.14445e-07,
2.53698e-07,
2.43988e-07,
2.6306e-07,
2.71475e-07,
2.52753e-07,
4.27122e-07,
1.52246e-07,
1.99655e-07,
2.45026e-07,
3.7273e-07,
1.64529e-07,
2.64729e-07,
3.22609e-07,
4.04245e-07,
3.60558e-07,
3.37379e-07,
3.94583e-07,
4.10614e-07,
5.30596e-07,
3.69763e-07,
2.66508e-07,
5.32357e-07,
3.65577e-07,
2.75207e-07,
5.70961e-07,
3.60326e-07,
3.31663e-07,
3.06684e-07,
4.92942e-07,
5.33382e-07,
3.61897e-07,
5.83873e-07,
4.53511e-07,
3.05923e-07,
4.75449e-07,
5.23353e-07,
5.7909e-07,
5.13927e-07,
7.93157e-07,
6.27601e-07,
6.31041e-07,
4.6436e-07,
3.92625e-07,
5.43058e-07,
6.70226e-07,
9.00499e-07,
8.03317e-07,
6.54421e-07,
7.98705e-07,
8.04595e-07,
6.45909e-07,
9.10755e-07,
8.01011e-07,
8.23859e-07,
8.41144e-07,
1.00189e-06,
8.53672e-07,
7.81008e-07,
7.98923e-07,
5.33633e-07,
1.08853e-06,
4.81723e-07,
8.10347e-07,
9.27239e-07,
1.14196e-06,
9.10252e-07,
1.39524e-06,
2.19068e-06,
7.69659e-07,
1.68779e-06,
1.1387e-06,
1.63382e-06,
1.31587e-06,
1.70036e-06,
1.50464e-06,
1.41055e-06,
1.36249e-06,
1.38203e-06,
1.30721e-06,
1.88142e-06,
9.69036e-07,
7.11375e-07,
2.05063e-06,
2.30052e-06,
2.82572e-06,
7.93527e-07,
2.49416e-06,
1.53923e-06,
3.1677e-06,
2.18832e-06,
3.60132e-06,
3.13199e-06,
2.80262e-06,
2.47594e-06,
2.35925e-06,
3.31421e-06,
2.03945e-06,
3.2751e-06,
2.9017e-06,
3.25128e-06,
4.0667e-06,
4.21116e-06,
3.05842e-06,
4.56417e-06,
4.66698e-06,
2.71005e-06,
5.31885e-06,
1.95466e-06,
6.01544e-06,
3.75084e-06,
5.65636e-06,
6.21973e-06,
2.63004e-06,
3.56757e-06,
7.36413e-06,
6.69618e-06,
6.01564e-06,
4.44697e-06,
5.60055e-06,
5.25908e-06,
3.4936e-06,
7.70393e-06,
7.99553e-06,
4.92845e-06,
1.07232e-05,
3.50558e-06,
2.44429e-06,
6.91518e-06,
3.23463e-06,
7.35556e-06,
1.38917e-05,
1.01163e-05,
1.19031e-05,
1.15428e-05,
1.02083e-05,
1.31247e-05,
1.02206e-05,
1.23153e-05,
6.34736e-06,
1.21958e-05,
9.69774e-06,
2.02989e-05,
1.46447e-05,
1.1876e-05,
1.33327e-05,
1.96863e-05,
1.31491e-05,
1.12343e-05,
2.06085e-05,
1.85978e-05,
1.79617e-05,
1.71533e-05,
1.62867e-05,
2.4396e-05,
2.05575e-05,
1.96881e-05,
1.19523e-05,
2.283e-05,
2.3567e-05,
3.38832e-05,
2.73393e-05,
1.60272e-05,
2.71615e-05,
2.57001e-05,
2.69403e-05,
3.50591e-05,
3.59142e-05,
2.96606e-05,
4.3857e-05,
3.69048e-05,
3.3329e-05,
4.85881e-05,
5.02789e-05,
3.68187e-05,
3.81277e-05,
2.62977e-05,
7.40992e-05,
4.231e-05,
4.71041e-05,
4.10968e-05,
6.64352e-05,
4.48276e-05,
5.05776e-05,
6.04691e-05,
3.13485e-05,
4.15973e-05,
7.18665e-05,
4.47177e-05,
5.66863e-05,
0.000101326,
4.36289e-05,
7.38997e-05,
8.90938e-05,
7.32931e-05,
0.00010156,
0.000103368,
5.36177e-05,
9.71647e-05,
7.18404e-05,
0.000112708,
7.72933e-05,
8.8772e-05,
6.55549e-05,
5.12461e-05,
0.00010668,
7.38059e-05,
0.000161131,
0.00012752,
0.000180842,
9.46287e-05,
0.000150839,
0.000112285,
0.000129229,
0.000226863,
0.000186852,
8.65232e-05,
0.000159652,
0.000138883,
0.000265985,
0.000234618,
0.000104983,
0.000266749,
0.000239466,
0.000149638,
0.000256798,
0.000282738,
0.000257587,
0.000191569,
0.0002732,
0.000281786,
0.00018686,
0.000259398,
0.000267449,
0.000275142,
0.000262406,
0.000286347,
0.000255174,
0.000315216,
0.000351191,
0.00024257,
0.000486425,
0.000496579,
0.000356601,
0.00046855,
0.000522258,
0.000610899,
0.00054809,
0.000425073,
0.00036791,
0.000529902,
0.000631377,
0.000449703,
0.000586217,
0.000471191,
0.000445127,
0.00046608,
0.000569452,
0.000682348,
