x = [
195,
197,
199,
202,
203,
205,
206,
208,
213,
214,
215,
218,
219,
220,
221,
223,
224,
225,
227,
229,
231,
232,
234,
240,
242,
243,
245,
247,
248,
249,
250,
253,
255,
257,
259,
260,
261,
263,
265,
266,
267,
268,
269,
272,
273,
274,
275,
276,
277,
278,
282,
283,
284,
285,
286,
287,
288,
289,
291,
292,
293,
294,
295,
296,
298,
300,
302,
303,
305,
306,
307,
308,
309,
311,
312,
314,
316,
317,
318,
319,
320,
323,
325,
327,
328,
329,
332,
333,
334,
335,
336,
337,
338,
339,
340,
341,
342,
343,
344,
345,
347,
348,
349,
350,
351,
352,
353,
354,
355,
356,
357,
358,
359,
360,
361,
362,
363,
364,
365,
366,
367,
368,
369,
370,
371,
372,
373,
374,
375,
376,
377,
378,
379,
380,
381,
382,
383,
384,
385,
386,
387,
388,
389,
390,
391,
392,
393,
394,
395,
396,
397,
398,
399,
400,
401,
402,
403,
404,
405,
406,
407,
408,
409,
410,
411,
412,
413,
414,
];
y = [
5e-05,
5e-05,
5e-05,
0.0001,
0.0001,
5e-05,
5e-05,
5e-05,
5e-05,
0.0002,
5e-05,
5e-05,
0.0001,
5e-05,
5e-05,
0.0001,
5e-05,
0.0001,
0.0001,
5e-05,
5e-05,
5e-05,
0.0001,
5e-05,
5e-05,
5e-05,
5e-05,
0.0001,
5e-05,
0.0002,
0.00015,
5e-05,
5e-05,
0.0001,
5e-05,
0.0001,
0.0002,
0.0001,
5e-05,
0.0001,
0.00015,
5e-05,
0.0002,
0.00015,
0.00015,
5e-05,
0.00015,
0.0003,
0.00045,
0.0001,
0.00015,
0.0001,
0.0003,
0.0002,
0.00025,
5e-05,
5e-05,
0.0001,
0.00015,
5e-05,
5e-05,
0.00015,
5e-05,
0.0001,
0.0001,
0.0001,
5e-05,
5e-05,
0.0001,
0.0002,
0.00025,
0.00015,
5e-05,
0.0001,
0.0001,
0.00025,
5e-05,
0.0002,
0.0002,
5e-05,
0.0001,
5e-05,
0.00015,
5e-05,
0.0001,
0.00015,
0.0001,
0.0003,
0.00045,
0.00065,
0.0005,
0.0007,
0.00035,
0.0002,
0.00025,
0.00055,
0.00015,
5e-05,
0.0001,
0.00025,
5e-05,
0.00015,
5e-05,
0.00015,
0.00015,
0.0001,
0.0003,
0.0004,
0.0009,
0.00045,
0.00105,
0.0013,
0.00165,
0.00145,
0.00245,
0.0028,
0.0024,
0.00365,
0.0052,
0.00625,
0.00715,
0.00865,
0.01095,
0.0108,
0.0129,
0.0137,
0.0178,
0.0221,
0.0212,
0.0246,
0.0256,
0.0319,
0.02895,
0.03305,
0.0338,
0.0347,
0.03645,
0.0412,
0.04305,
0.0415,
0.04145,
0.03985,
0.0421,
0.03795,
0.03495,
0.03285,
0.0275,
0.0244,
0.024,
0.02045,
0.02005,
0.01895,
0.01695,
0.0172,
0.01385,
0.01015,
0.01025,
0.00635,
0.00385,
0.0028,
0.00225,
0.0013,
0.00145,
0.00145,
0.00155,
0.0011,
0.00015,
5e-05,
];
